# Fix print output for fix def1
3.49604210412531e-16 -0.0228698603167462 -0.0307953556438289 -0.00789059221376978
0.00100000000000023 0.0632570839972652 0.0286448981563813 0.0102356119246488
0.00200000000000046 0.118959568327604 -0.0643539711432458 0.00617798258504904
0.00300000000000035 0.201750187808586 0.0170413450934492 0.044204760632145
0.00400000000000023 0.237201241948978 -0.0138378686416346 -0.0316498206310403
0.00500000000000046 0.313324639536299 0.00718989186244096 0.0135223551229107
0.00600000000000034 0.377545858503712 -0.00906727763926258 -0.00710284155723433
0.00700000000000023 0.435429061652735 -0.0276819341988918 -0.0160444443955638
0.00800000000000046 0.521691896554473 0.0289041699351522 0.0196075084377391
0.00900000000000034 0.569684793586266 -0.00111726286531805 -0.00987599340925197
0.0100000000000002 0.655350790079262 0.00425270440570425 0.0431381380019404
0.0110000000000005 0.694495526732908 0.000615893731144706 0.00715215707583006
0.0120000000000003 0.742302960395592 0.00223690070166311 -0.00479504324394015
0.0130000000000002 0.818900288167492 -0.00761664464099096 0.0106019967503546
0.0140000000000005 0.912138684481212 0.00392158941093908 -0.0124560723185092
0.0150000000000003 0.967990901415206 -0.000375057811889135 0.00721464585915774
0.0160000000000002 1.01717136441885 -0.00820260436349187 -0.0205772846751843
0.0170000000000004 1.13069086930499 0.0207363041248168 0.0309207719138465
0.0180000000000003 1.13326863782152 -0.0415700040547606 -0.00972806571461086
0.0190000000000002 1.24857767319759 0.0182749698405979 0.0459973237209168
0.0200000000000004 1.28692617228837 -0.0240703007371732 -0.000220295619293437
0.0210000000000003 1.35423030388415 0.0204872774344985 0.0139207228902849
0.0220000000000002 1.41202081585274 0.00147042731184698 -0.000867853568056402
0.0230000000000004 1.4691316656596 0.00185640028622911 -0.014597001867979
0.0240000000000003 1.54264070048079 -0.000477358847087654 0.0194924870155425
0.0250000000000002 1.58646374578356 -0.0359887374436608 0.00338245905425893
0.0260000000000004 1.66432996068052 -0.00859155348860309 0.0292963373435541
0.0270000000000003 1.70526076275678 -0.0402458657725464 -0.0169125658330883
0.0280000000000002 1.83719458738554 0.016392731782078 0.0283891570748833
0.0290000000000004 1.83058777727673 -0.0376147021594261 0.0282827825290423
0.0300000000000003 1.90139072945374 -0.0376426333495656 -0.00921289354495841
0.0310000000000002 1.99131494615336 0.0549236875224383 0.0316933141219772
0.0320000000000004 2.00329024834778 -0.0217854936908724 -0.0718328287394395
0.0330000000000003 2.11716760790292 0.0454808436430692 0.0356848503790596
0.0340000000000002 2.09874376678774 -0.049564014485627 -0.0563868531549821
0.0350000000000004 2.23017454130871 0.023077895500087 0.0373776092710346
0.0360000000000003 2.25083530517479 -0.0147269751167815 -0.0181331687272064
0.0370000000000002 2.29381864729137 -0.0333149500322771 -0.0215624820004389
0.0380000000000004 2.42565127074541 0.0322592804606754 0.0341403020466724
0.0390000000000003 2.43791176460048 -0.0213548166679396 -0.055408858432376
0.0400000000000002 2.54744403722754 0.0430121137487838 0.0482321073615125
0.0410000000000004 2.58284451528789 -0.0397925906698068 -0.0349985770665285
0.0420000000000003 2.62967087525216 0.0321965787005337 -0.0138939877596328
0.0430000000000002 2.67218753533363 -0.0155047943055088 -0.00499203305937613
0.0440000000000004 2.74845890292055 -0.0319962935817942 0.00855477899844011
0.0450000000000003 2.8154149061397 0.0256558788723444 0.0269519712167696
0.0460000000000002 2.8680141909532 0.0362497361096445 -0.0198299959437626
0.0470000000000004 2.92995139984381 0.0146621522696946 -0.0109572909524933
0.0480000000000003 2.99991212421311 0.0149308878823104 -0.00343607019986401
0.0490000000000002 3.04793236893638 -0.0149888806502749 -0.029193411749971
0.0500000000000004 3.16067869880254 0.0444515339079501 0.0745375661397975
0.0510000000000003 3.13827287996154 -0.060858875958151 -0.0576432395540143
0.0520000000000004 3.25219919136327 0.0415899136566278 0.0398514721143809
0.0530000000000004 3.29226942202064 -0.0119448040184865 -0.0168507701744884
0.0540000000000003 3.32849367668579 0.0173223009380573 -0.0208585624950813
0.0550000000000004 3.38229900479706 0.00349454313998999 -0.0119833953419205
0.0560000000000004 3.45434578300756 -0.0334111178758066 -0.00412494756857526
0.0570000000000003 3.55660487179727 0.0341874818206398 0.0693095431610168
0.0580000000000004 3.55867820707112 -0.0432630642863244 -0.0596371164381146
0.0590000000000004 3.68578306768605 0.0832823543868629 0.0308658469264927
0.0600000000000003 3.67294141816491 -0.0337055200984023 -0.0697095910375188
0.0610000000000004 3.76812320409154 0.0207369146342482 0.0472124306436886
0.0620000000000004 3.78433484398381 -0.00239992222083245 -0.0196032059225487
0.0630000000000003 3.86043204831416 -0.0188970923572263 -0.0148805135470572
0.0640000000000003 3.96601650578798 0.0225925912430796 0.017357762082818
0.0650000000000004 3.97779443929386 -0.0383070647127116 -0.0655828351963847
0.0660000000000003 4.10312205374818 0.0694546498424718 0.0309206994262684
0.0670000000000004 4.06207302447244 -0.0756695247455039 -0.0450310266862083
0.0680000000000004 4.22765673485321 0.0357514844290251 0.0603357313374161
0.0690000000000003 4.22064545721327 -0.0181479077985756 -0.0408456625324384
0.0700000000000003 4.27635899101609 0.0107827242293377 -0.0710922448966625
0.0710000000000004 4.34494928443424 0.0359803447742453 0.0135570433491262
0.0720000000000003 4.37552213485441 -0.039840551616552 -0.0136196782680145
0.0730000000000003 4.46473728237374 0.020400072614932 0.060968121538458
0.0740000000000004 4.51649482066875 0.0140828067770984 -0.0133183538972766
0.0750000000000003 4.55801116725674 0.038748340001251 -0.030259267098659
0.0760000000000003 4.61771425544788 -0.00319811364546018 0.0244440339692489
0.0770000000000004 4.6683949731464 -0.0144733434247576 0.0196275591886181
0.0780000000000003 4.70084671116937 -0.00440082416388237 -0.000877385321041707
0.0790000000000003 4.80446325148187 0.0401321728354598 0.00521741489235764
0.0800000000000004 4.82321836446025 -0.0113116928660184 -0.0426154970409816
0.0810000000000003 4.90056702717935 0.0122103342346107 0.0343466784170127
0.0820000000000003 4.943850787507 -0.0193074269232424 -0.00208010780830542
0.0830000000000004 4.98738030703852 -0.00706662499759556 0.031692032413625
0.0840000000000003 5.02867090087032 0.0118034600402838 -0.0247707454651042
0.0850000000000003 5.09862765965424 0.0207221410969233 -0.0300101242090266
0.0860000000000004 5.13650861684384 0.00500299308009193 -0.0197883937853108
0.0870000000000003 5.24736626807609 -0.0149360162651994 0.0268335305695214
0.0880000000000003 5.29455423360922 0.00559975235314732 0.0845748857236254
0.0890000000000004 5.33976047750601 -0.0235766887976046 -0.00378790423672459
0.0900000000000003 5.39398784760803 0.0654829225426131 -0.00356962385766404
0.0910000000000005 5.45198723086083 0.0138665793808773 -0.0420415491307177
0.0920000000000004 5.50127365936057 -0.0119070571400672 0.00121086500876666
0.0930000000000003 5.55198216894816 -0.01308262178667 0.0221523870374597
0.0940000000000003 5.59972862210346 -0.0489699546399549 -0.030896831701526
0.0950000000000004 5.64725805225037 -0.00761286470342481 0.00689140406491643
0.0960000000000003 5.71159749501284 0.0181927681031859 -0.0650187229703184
0.0970000000000005 5.77963148994335 0.0366467911374402 0.0208314144826426
0.0980000000000004 5.81288991747377 -0.0332416436564565 -0.0313122419987558
0.0990000000000003 5.93647803438265 0.0312734582858554 0.0243989699115219
0.1 5.90723928578237 -0.0551825036130939 -0.00322388525471425
0.101 6.0023880795489 -0.00636012614351793 0.00586351927526609
0.102 6.03723924169205 0.0473254554578527 -0.00635253614547344
0.103 6.08885247350777 0.013065689581456 -0.0448681602562274
0.104 6.1780013321399 0.040521246849398 0.0378078724259458
0.105 6.19942721961937 -0.0742878243975186 -0.035115388488342
0.106 6.29457671565977 0.061132385408489 0.0850246729921842
0.107 6.28863382035738 -0.0330533126508378 -0.05166930986612
0.108 6.35277354538169 0.0710112849927756 0.0403459632192626
0.109 6.36256035214488 -0.0323312368751861 -0.0611062777441494
0.11 6.46245865956397 0.00237040114841022 0.0338289045474367
0.111 6.49239115789768 -0.0263720663836568 0.0147387568218577
0.112 6.55656156034443 0.0200302854679408 0.0242800126275796
0.113 6.60473649253014 0.00289152223874823 -0.0305017430926721
0.114 6.65111843885743 -0.0230130394524907 -0.0138584483493834
0.115 6.6904765385697 0.0262886769792353 0.0818233490028394
0.116 6.73444325502976 -0.00241485023566959 -0.0296842806268799
0.117 6.79845709030401 0.0210543189593539 0.0101288783021183
0.118 6.88925925578172 0.0293885689876224 -0.0103281868256909
0.119 6.92757155279969 0.00745385946125854 0.00677677507785125
0.12 6.96636136804221 -0.0235790795128098 0.0119263202982905
0.121 6.98201669728093 -0.00766096438042132 -0.006110390264182
0.122 7.07062895419802 -0.0311372912670598 -0.0437871755824514
0.123 7.08595672713483 0.0424261318865146 0.0311111841148885
0.124 7.10219275017146 -0.0284120573691754 -0.0760243750845171
0.125 7.21577219302413 0.0120928271283745 0.0260450307752485
0.126 7.21370283090521 0.0240192604446849 -0.0273944784008872
0.127 7.25544728207253 0.00521222935495625 0.0212577213399378
0.128 7.30832845241225 -0.016558161133086 -0.0423214384415617
0.129 7.31263331220396 0.0103214311223507 -0.00967832752786647
0.13 7.44430033688598 0.0418096044908432 0.00839074350364432
0.131 7.41534877735988 -0.0302746944558261 -0.0612378577462714
0.132 7.58335320278847 0.0509776210967929 0.106268557621377
0.133 7.51437522539942 -0.0816802114941544 -0.0819454754709826
0.134 7.59075922189825 0.0425653183840203 0.0989954805029465
0.135 7.61020916656017 -0.0774811134295125 -0.030682353449831
0.136 7.70761578091337 0.0752722500032924 0.0209488366220292
0.137 7.68526557874336 -0.0215383807258671 -0.0146484947995469
0.138 7.74539932391105 -0.00854186660013234 0.00922835670935518
0.139 7.8209603451952 -0.001347341077301 0.0460327574881035
0.14 7.79265727764778 -0.0125014088855218 -0.033559389371607
0.141 7.82307106713581 0.00294594816665903 0.038014747410835
0.142 7.7855891407826 -0.056520477202493 -0.0108087062400692
0.143 7.91582009031582 0.043382854441207 0.0187096272176496
0.144 7.92558938034332 0.0122850758868978 -0.0126068848239625
0.145 7.93733184823854 -0.0159579749013947 0.0161205384775071
0.146 7.98281304258591 -0.0220554970324332 -0.0209696678102555
0.147 7.97505433697288 0.0142524310341892 0.0166245522425977
0.148 7.98221788786705 -0.0537951427524959 -0.0112920031711971
0.149 7.96034982403417 0.0302905292055754 0.00755139835136984
0.15 7.86555845919615 0.00319841527764657 0.00630480259820619
0.151 7.72352107695963 -0.0229367231829095 0.00287071345298953
0.152 7.48724431914849 -0.0120947078349748 -0.0291698569905918
0.153 7.12286363611321 0.0474998667288303 -0.000473026381282733
0.154 6.41260285297344 0.0417791294557906 -0.053288152920321
0.155 5.56684081909842 -0.0205818870813644 0.103263776366096
0.156 4.6159912123053 -0.0396130161017725 -0.0328796202273389
0.157 3.90502371250419 0.113008008257896 0.0258090504156499
0.158 2.89817746388544 -0.0907201711121418 -0.0207159037636836
0.159 2.22402979495749 0.0999840291723227 0.0359598486813744
0.16 1.7398197204263 -0.0448332648631604 0.016243044546014
0.161 1.48664278421227 -0.0291781227759054 -0.0251366337905929
0.162 1.50406495960929 0.155759447853765 0.0633011238632892
0.163 1.42731639407098 -0.0533602487697879 -0.124692819063322
0.164 1.53304495686856 -0.00427867677999246 0.0880674194143538
0.165 1.56125548172509 0.0451386365103304 -0.033318311047324
0.166 1.67860261928358 -0.000570800570134571 0.0403005137928332
0.167 1.72566827665087 0.0320579930840116 0.0460532328804961
0.168 1.64267291043758 -0.00972961312682229 -0.133623916122931
0.169 1.69336721886253 0.12847386627415 -0.0318716176145777
0.17 1.57315718350558 -0.0297387461944333 0.00286946646476752
0.171 1.65117575304881 -0.0616977343772926 0.049777511368719
0.172 1.66664397596613 0.0808450756696954 0.112529639741174
0.173 1.48495385496743 -0.0975271974203632 -0.0879558261874291
0.174 1.67244288459237 0.10415577072383 0.0370788898690998
0.175 1.61171688315191 0.0288357090709092 0.00928064501465817
0.176 1.76161620177774 -0.0759072936046061 -0.0926868427637356
0.177 1.85596168036089 0.075506123829991 0.160150401777328
0.178 1.55856388706322 -0.104333418084727 -0.0403149931530533
0.179 1.72676312758905 0.111715224661544 0.0173147045377855
0.18 1.76561678498531 0.0610580409477864 -0.0961870258933926
0.181 1.82392698870476 -0.0267571238577111 0.034371884832358
0.182 1.87209716932098 -0.025452339278329 0.0153378202702199
0.183 1.84861223706541 -0.0653446105538057 -0.00059649247501128
0.184 1.80404174708707 0.00305347462337255 0.0393589121565435
0.185 1.83588885557822 -0.0114005854203092 -0.071140415256984
0.186 2.00652581457604 0.0522541675237444 0.0394682612329893
0.187 1.75743747683883 0.0448131922801401 -0.00796323499266638
0.188 1.71917917399936 -0.0176275612771461 -0.00987190556929728
0.189 1.78390148499114 0.050014636575163 0.090555674838449
0.19 1.77743864442155 -0.0221167129521358 -0.0724370871354427
0.191 1.86800845614156 0.0708213430191784 0.0418178839295545
0.192 1.86844467218796 -0.0515854842810594 -0.0191397032131622
0.193 1.77037525176867 0.0365477679905837 -0.0646231925462522
0.194 1.74678024285949 0.116644822343221 0.029626667042563
0.195 1.70004138446464 -0.109142456507578 0.0168733137376445
0.196 1.77290560279834 0.0267033427181963 0.0876711847271188
0.197 1.76517364559766 -0.104070176929637 -0.058060345674728
0.198 1.89260124731333 0.104273985869823 0.0824112498543853
0.199 1.77996808322307 -0.0594252276753063 -0.0539014995545014
0.2 1.80341087335517 0.0129914273586482 0.0108265806006024
